# nimbus theme — lf dircolors
# format: pattern  color

# directories — lavender
ln  04;38;2;138;149;176  # symlinks
or  04;38;2;154;117;144  # broken symlinks (red_error)
di  01;38;2;138;149;176  # directories — lavender bold
ex  01;38;2;144;160;152  # executables — green

# archives — accent
*.tar    38;2;146;152;160
*.gz     38;2;146;152;160
*.zip    38;2;146;152;160
*.7z     38;2;146;152;160
*.xz     38;2;146;152;160
*.bz2    38;2;146;152;160
*.zst    38;2;146;152;160
*.deb    38;2;146;152;160
*.rpm    38;2;146;152;160

# images — green
*.png    38;2;144;160;152
*.jpg    38;2;144;160;152
*.jpeg   38;2;144;160;152
*.gif    38;2;144;160;152
*.bmp    38;2;144;160;152
*.svg    38;2;144;160;152
*.webp   38;2;144;160;152
*.ico    38;2;144;160;152

# video — dim
*.mp4    38;2;90;100;112
*.mkv    38;2;90;100;112
*.avi    38;2;90;100;112
*.mov    38;2;90;100;112
*.webm   38;2;90;100;112

# audio — dim
*.mp3    38;2;90;100;112
*.flac   38;2;90;100;112
*.ogg    38;2;90;100;112
*.wav    38;2;90;100;112

# documents — fg1
*.pdf    38;2;168;176;188
*.md     38;2;168;176;188
*.txt    38;2;168;176;188
*.org    38;2;168;176;188

# source code — fg
*.c      38;2;196;204;212
*.h      38;2;196;204;212
*.rs     38;2;196;204;212
*.go     38;2;196;204;212
*.py     38;2;196;204;212
*.js     38;2;196;204;212
*.ts     38;2;196;204;212
*.lua    38;2;196;204;212
*.sh     38;2;196;204;212
*.css    38;2;196;204;212
*.html   38;2;196;204;212
*.json   38;2;196;204;212
*.toml   38;2;196;204;212
*.yaml   38;2;196;204;212
*.yml    38;2;196;204;212
*.xml    38;2;196;204;212
*.nix    38;2;196;204;212

# config/dot files — dim
*.conf   38;2;90;100;112
*.cfg    38;2;90;100;112
*.ini    38;2;90;100;112
*.lock   38;2;90;100;112
